%YAML:1.0
calibration_time: "Sat Nov 27 20:10:34 2010"
nframes: 16
image_width: 640
image_height: 480
board_width: 6
board_height: 8
squareSize: 1.
aspectRatio: 1.
# flags: +fix_aspectRatio+fix_principal_point
flags: 6
camera_matrix: !!opencv-matrix
   rows: 3
   cols: 3
   dt: d
   data: [ 7.2072611175982104e+02, 0., 3.1950000000000000e+02, 0.,
       7.2072611175982104e+02, 2.3950000000000000e+02, 0., 0., 1. ]
distortion_coefficients: !!opencv-matrix
   rows: 8
   cols: 1
   dt: d
   data: [ 3.4567343756976093e-02, -9.9010170870222924e-01,
       5.6443202471619762e-03, 2.1032540532996062e-03,
       6.6596761835050664e+00, -3.7833580630503051e-02,
       -3.2764510904814059e-01, 4.4908542122851038e+00 ]
avg_reprojection_error: 2.0297705630461374e-01
per_view_reprojection_errors: !!opencv-matrix
   rows: 16
   cols: 1
   dt: f
   data: [ 3.54264259e-01, 2.50657409e-01, 2.03855827e-01,
       2.12963104e-01, 2.36247227e-01, 1.99431896e-01, 1.89067364e-01,
       1.41140148e-01, 1.63037777e-01, 1.29591152e-01, 2.04606220e-01,
       2.27367565e-01, 2.07565859e-01, 1.76108837e-01, 1.59992382e-01,
       1.91735908e-01 ]
# a set of 6-tuples (rotation vector + translation vector) for each view
extrinsic_parameters: !!opencv-matrix
   rows: 16
   cols: 6
   dt: f
   data: [ -3.86028209e-10, 4.20389539e-45, -8.97617939e+15,
       1.05476069e+00, 9.97752350e+30, 3.90261841e+00, 1.60679235e+13,
       3.28522539e+00, 2.02099430e+23, 3.91211104e+00, -6.06676331e-05,
       3.51104593e+00, -8.78751980e-37, 3.92170000e+00, -3.84667329e-03,
       3.63041615e+00, 2.82207982e-33, 3.93144131e+00, 2.59142212e+17,
       3.75038791e+00, -4.03208316e-22, 3.94134617e+00, 10854233.,
       3.81115913e+00, -2.01615294e-05, 3.95136285e+00, -4.71690576e+19,
       3.87254882e+00, -9.03048456e-14, 3.85256958e+00, -2.47280535e+28,
       3.34951067e+00, 4.02711627e-38, 3.86141610e+00, -2.34481777e-18,
       3.53758240e+00, 1.08801873e+32, 3.87034822e+00, -2.60325915e+19,
       3.65116143e+00, -2.37680664e+03, 3.87940669e+00, 2.48966459e-31,
       3.75780368e+00, -1.81135539e-32, 3.88860917e+00, -2.04618823e-06,
       3.81558728e+00, -102053904., 3.89792728e+00, -2.66351520e+20,
       3.87397885e+00, -7.73641288e-01, 3.80718803e+00, -2.58782249e+14,
       3.40795279e+00, 6.23384256e+35, 3.81549716e+00, -3.48859636e+21,
       3.56166697e+00, 126705928., 3.82387185e+00, 1.44731006e+03,
       3.67000294e+00, 1.90469988e+16, 3.83233047e+00, -4.53620752e+33,
       3.76456428e+00, 1.86454049e+11, 3.84089255e+00, -15832875.,
       3.81965184e+00, -2.94679669e-26, 3.84955812e+00, -2.23995778e-17,
       3.87531662e+00, -1.50175010e-31, 3.76583719e+00, -9.51796366e-26,
       3.46122932e+00, 5.01512550e-03, 3.77367568e+00, -3.18777565e+27,
       3.58360815e+00, -2.67461289e+17, 3.78155947e+00, -1.11975012e+20,
       3.68720102e+00, -1.16005091e-18, 3.78948951e+00, -7.84759068e-18,
       3.77076721e+00, 4.48275264e-03, 3.79748416e+00, 6.87431294e-17,
       3.82341599e+00 ]
image_points: !!opencv-matrix
   rows: 16
   cols: 48
   dt: "2f"
   data: [ 2.16254364e+02, 3.39427856e+02, 2.15378387e+02,
       3.03231903e+02, 2.14543732e+02, 2.66459930e+02, 2.13624039e+02,
       2.29541550e+02, 2.13068176e+02, 1.92106888e+02, 2.11600906e+02,
       1.53905960e+02, 2.52813461e+02, 3.40407074e+02, 2.52215302e+02,
       3.04155640e+02, 2.51670731e+02, 2.67369202e+02, 2.51224121e+02,
       2.29998276e+02, 2.50514755e+02, 1.92253036e+02, 2.50029602e+02,
       1.54018082e+02, 2.89625244e+02, 3.41385071e+02, 2.89346436e+02,
       3.04770599e+02, 2.88897461e+02, 2.67661774e+02, 2.88689911e+02,
       2.30645645e+02, 2.88410278e+02, 1.92606049e+02, 2.88002289e+02,
       1.54087814e+02, 3.27086487e+02, 3.42467102e+02, 3.27001251e+02,
       3.05650024e+02, 3.26822632e+02, 2.68404572e+02, 3.26695892e+02,
       2.30859985e+02, 3.26413147e+02, 1.92917465e+02, 3.26505646e+02,
       1.54116196e+02, 3.64628815e+02, 3.43511932e+02, 3.64677979e+02,
       3.06680908e+02, 3.64779327e+02, 2.69246185e+02, 3.65239014e+02,
       2.31412384e+02, 3.65381195e+02, 1.93165192e+02, 3.65603027e+02,
       1.54227249e+02, 4.03155304e+02, 3.44664642e+02, 4.03467072e+02,
       3.07744598e+02, 4.03685486e+02, 2.70227997e+02, 4.04253082e+02,
       2.31757141e+02, 4.04497864e+02, 1.93548904e+02, 4.04771301e+02,
       1.54185425e+02, 4.41567657e+02, 3.45746979e+02, 4.42050507e+02,
       3.08533173e+02, 4.42727417e+02, 2.70953003e+02, 4.43476562e+02,
       2.32330078e+02, 4.43862549e+02, 1.94075989e+02, 4.45073090e+02,
       1.54300949e+02, 4.80500488e+02, 3.47152893e+02, 4.81552246e+02,
       3.09357758e+02, 4.82408051e+02, 2.71425568e+02, 4.83477295e+02,
       2.32665726e+02, 4.84322845e+02, 1.94128494e+02, 4.85533234e+02,
       1.54077103e+02, 4.45702850e+02, 1.41443390e+02, 4.46507019e+02,
       1.84189743e+02, 4.47486298e+02, 2.26213593e+02, 4.48505096e+02,
       2.67586609e+02, 4.49346283e+02, 3.08574921e+02, 4.50017487e+02,
       3.49011292e+02, 4.03982086e+02, 1.42849808e+02, 4.04985168e+02,
       1.84935562e+02, 4.06562866e+02, 2.26119141e+02, 4.07627319e+02,
       2.66511841e+02, 4.08468903e+02, 3.06574799e+02, 4.09717163e+02,
       3.46267853e+02, 3.64307709e+02, 1.44712540e+02, 3.66104858e+02,
       1.85825516e+02, 3.67083588e+02, 2.26030121e+02, 3.68213959e+02,
       2.65469940e+02, 3.69802155e+02, 3.04720581e+02, 3.71215698e+02,
       3.43599030e+02, 3.25704071e+02, 1.46010300e+02, 3.27704132e+02,
       1.86071381e+02, 3.29586090e+02, 2.25934433e+02, 3.30773071e+02,
       2.64403381e+02, 3.32889893e+02, 3.03007080e+02, 3.34066101e+02,
       3.40872864e+02, 2.89462128e+02, 1.47492752e+02, 2.91399567e+02,
       1.86670319e+02, 2.93222687e+02, 2.25430420e+02, 2.95017792e+02,
       2.63369934e+02, 2.96739319e+02, 3.01121338e+02, 2.98558319e+02,
       3.38414703e+02, 2.54414383e+02, 1.49107910e+02, 2.56382782e+02,
       1.87309814e+02, 2.58478882e+02, 2.25085770e+02, 2.60312378e+02,
       2.62596527e+02, 2.62450592e+02, 2.99621124e+02, 2.63998749e+02,
       3.36013306e+02, 2.20478333e+02, 1.50369308e+02, 2.22580750e+02,
       1.87681122e+02, 2.24969849e+02, 2.24881973e+02, 2.26916031e+02,
       2.61558411e+02, 2.29365952e+02, 2.97954651e+02, 2.31072357e+02,
       3.33539246e+02, 1.87674683e+02, 1.51257004e+02, 1.90295319e+02,
       1.88210327e+02, 1.92609283e+02, 2.24607834e+02, 1.94926727e+02,
       2.60719482e+02, 1.97299591e+02, 2.96438843e+02, 1.99432526e+02,
       3.31658447e+02, 1.63261322e+02, 3.39885376e+02, 1.58544312e+02,
       3.04295868e+02, 1.53572342e+02, 2.67759460e+02, 1.48504517e+02,
       2.30313446e+02, 1.43336060e+02, 1.91253571e+02, 1.37638931e+02,
       1.50885788e+02, 1.95794724e+02, 3.44418610e+02, 1.91530396e+02,
       3.08338013e+02, 1.87216934e+02, 2.70945679e+02, 1.82341339e+02,
       2.32511292e+02, 1.77514084e+02, 1.92570007e+02, 1.72594162e+02,
       1.51766052e+02, 2.29752258e+02, 3.49199463e+02, 2.26139404e+02,
       3.12346527e+02, 2.22095566e+02, 2.74326569e+02, 2.18038269e+02,
       2.34857483e+02, 2.13580154e+02, 1.94246460e+02, 2.08967743e+02,
       1.52414490e+02, 2.65400940e+02, 3.54009735e+02, 2.62086914e+02,
       3.16397217e+02, 2.58579559e+02, 2.77643188e+02, 2.54871246e+02,
       2.37350479e+02, 2.51130814e+02, 1.95722992e+02, 2.47302887e+02,
       1.53140793e+02, 3.02538116e+02, 3.59365173e+02, 2.99738342e+02,
       3.20764740e+02, 2.96685120e+02, 2.80992096e+02, 2.93445679e+02,
       2.40076126e+02, 2.90446381e+02, 1.97429962e+02, 2.87336456e+02,
       1.53993195e+02, 3.41450562e+02, 3.64751434e+02, 3.39019836e+02,
       3.25461029e+02, 3.36770813e+02, 2.84648315e+02, 3.34425140e+02,
       2.42829926e+02, 3.31831787e+02, 1.99234604e+02, 3.29243530e+02,
       1.54334061e+02, 3.81903778e+02, 3.70487885e+02, 3.80087189e+02,
       3.30093231e+02, 3.78737579e+02, 2.88664886e+02, 3.76935638e+02,
       2.45844833e+02, 3.75058258e+02, 2.01460083e+02, 3.73459595e+02,
